{
    "eye_offset_gain": {
        "left_offset_y": -189.586035268, 
        "left_offset_x": -172.875435197, 
        "right_offset_y": -202.902304334, 
        "right_offset_x": -399.734996136, 
        "left_gain_y": -4.87360736, 
        "left_gain_x": 4.96463343877, 
        "right_gain_y": -5.03313124717, 
        "right_gain_x": 5.12807651306
    }, 
    "selected_eye": {
        "right": 1, 
        "left": 1
    }, 
    "pupil_size": {
        "right": 1, 
        "left": 1
    }, 
    "arbitrator_display_screen": {
        "x_scale_factor": 1.8018018018018018, 
        "xscale_mm": 1.6, 
        "screen_distance_mm": 550.0, 
        "screen_width_mm": 800.0, 
        "window_height_pixel": 720, 
        "yscale_mm": 1.6, 
        "y_scale_factor": 1.799370220422852, 
        "iod_mm": 28, 
        "window_width_pixel": 1280, 
        "screen_height_mm": 450.0
    }
}