{
    "eye_offset_gain": {
        "left_offset_y": -169.225450839, 
        "left_offset_x": 135.127571048, 
        "right_offset_y": -167.406722554, 
        "right_offset_x": 206.816213732, 
        "left_gain_y": -1.33009533406, 
        "left_gain_x": -2.35569323117, 
        "right_gain_y": -1.33138917352, 
        "right_gain_x": -2.4212763035
    }, 
    "selected_eye": {
        "right": 1, 
        "left": 1
    }, 
    "pupil_size": {
        "right": 1, 
        "left": 1
    }, 
    "arbitrator_display_screen": {
        "x_scale_factor": 3.2432432432432434, 
        "xscale_mm": 3.6676, 
        "screen_distance_mm": 595.0, 
        "screen_width_mm": 523.5, 
        "window_height_pixel": 1080, 
        "yscale_mm": 3.6364, 
        "y_scale_factor": 3.2388663967611335, 
        "iod_mm": 70, 
        "window_width_pixel": 1920, 
        "screen_height_mm": 297.0
    }
}